d_weekdayfl 2557 18446744069052046651 0 825241648 7
d_daynuminyear 10228 18446744069052046651 1 366 366
d_month 23013 18446744069052046651 25966 2037539189 106
d_dayofweek 20456 18446744069052046651 7954788 2036425843 12
d_date 46026 18446744069052046651 12857 2037539189 297
d_lastdayinmonthfl 30684 18446744069052046651 0 1953392983 14
d_datekey 10228 18446744069052046651 19920101 19981231 2557
d_daynuminmonth 10228 18446744069052046651 1 31 31
d_daynuminweek 10228 18446744069052046651 1 7 7
p_container 8000000 18446744069052046652 0 1481589280 350
p_size 3200000 18446744069052046652 1 50 50
p_type 20000000 18446744069052046652 -2113908155 1514751055 578
p_color 8800000 18446744069052046652 0 2053177458 2913
p_name 17600000 18446744069052046652 0 2053185657 8266
c_mktsegment 1200000 18446744069052046651 0 4 5
c_phone 4500000 18446744069052046651 758132785 960051513 12555
c_region 1200000 18446744069052046651 0 4 5
p_partkey 3200000 18446744069052046652 1 800000 800000
lo_extendedprice 239944868 18446744069052046651 90098 10494950 1040574
lo_commitdate 239944868 18446744069052046651 19920131 19981031 2466
s_region 80000 18446744069052046651 0 4 5
c_city 1200000 18446744069052046651 0 249 250
d_yearmonth 17899 18446744069052046651 828532038 2036419893 158
lo_quantity 239944868 18446744069052046651 1 50 50
lo_orderdate 239944868 18446744069052046651 19920101 19980802 2406
s_name 500000 18446744069052046651 -2111893504 1968397764 1337
c_nation 1200000 18446744069052046651 0 24 25
lo_shippriority 59986217 18446744069052046651 0 808464432 3
lo_suppkey 239944868 18446744069052046651 1 20000 20000
d_lastdayinweekfl 10228 18446744069052046651 1 53 53
d_yearmonthnum 10228 18446744069052046651 199201 199812 84
s_phone 300000 18446744069052046651 758132785 960051509 6502
p_category 3200000 18446744069052046652 0 24 25
lo_custkey 239944868 18446744069052046651 1 299999 200000
lo_revenue 239944868 18446744069052046651 81090 10489950 5842080
lo_linenumber 239944868 18446744069052046651 1 7 7
d_sellingseason 10228 18446744069052046651 1 12 12
c_custkey 1200000 18446744069052046651 1 300000 300000
p_mfgr 3200000 18446744069052046652 0 4 5
lo_orderkey 239944868 18446744069052046651 1 60000000 15000000
lo_supplycost 239944868 18446744069052046651 54058 125939 14535
d_holidayfl 2557 18446744069052046651 0 825241648 7
c_name 7500000 18446744069052046651 -2111156224 1967349188 6397
lo_tax 239944868 18446744069052046651 0 8 9
s_suppkey 80000 18446744069052046651 1 20000 20000
d_year 10228 18446744069052046651 1992 1998 7
p_brand1 3200000 18446744069052046652 0 999 1000
lo_orderpriority 959779472 18446744069052046651 0 1414415687 22
lo_shipmode 599862170 18446744069052046651 0 1381236736 33
s_address 500000 18446744069052046651 0 2054833015 18629
lo_discount 239944868 18446744069052046651 0 10 11
s_city 80000 18446744069052046651 0 249 250
lo_partkey 239944868 18446744069052046651 1 600000 600000
s_nation 80000 18446744069052046651 0 24 25
lo_ordtotalprice 239944868 18446744069052046651 82354 55462811 11941629
c_address 7500000 18446744069052046651 -2111524864 2054846720 262419
